// Re_c = 3.6e5, from Sandia
(-180	0	0.0250000000000000)
(-175	0.660000000000000	0.0550000000000000)
(-170	0.850000000000000	0.140000000000000)
(-165	0.680000000000000	0.230000000000000)
(-160	0.635000000000000	0.320000000000000)
(-155	0.670000000000000	0.420000000000000)
(-150	0.770000000000000	0.575000000000000)
(-145	0.900000000000000	0.755000000000000)
(-140	0.980000000000000	0.925000000000000)
(-135	0.930000000000000	1.08500000000000)
(-130	0.850000000000000	1.22500000000000)
(-125	0.760000000000000	1.35000000000000)
(-120	0.670000000000000	1.46500000000000)
(-115	0.575000000000000	1.55500000000000)
(-110	0.450000000000000	1.63500000000000)
(-105	0.320000000000000	1.70000000000000)
(-100	0.185000000000000	1.75000000000000)
(-95	0.0500000000000000	1.78000000000000)
(-90	-0.0900000000000000	1.80000000000000)
(-85	-0.230000000000000	1.80000000000000)
(-80	-0.365000000000000	1.78000000000000)
(-75	-0.500000000000000	1.73500000000000)
(-70	-0.630000000000000	1.66500000000000)
(-65	-0.760000000000000	1.57500000000000)
(-60	-0.875000000000000	1.47000000000000)
(-55	-0.955000000000000	1.34500000000000)
(-50	-1.02000000000000	1.21500000000000)
(-45	-1.05000000000000	1.07500000000000)
(-40	-1.03500000000000	0.920000000000000)
(-35	-0.980000000000000	0.745000000000000)
(-30	-0.855000000000000	0.570000000000000)
(-25	-0.886600000000000	0.405000000000000)
(-22	-0.845300000000000	0.329000000000000)
(-20	-0.839700000000000	0.282000000000000)
(-18	-0.848900000000000	0.238000000000000)
(-16	-0.871700000000000	0.196000000000000)
(-15	-0.884000000000000	0.104000000000000)
(-14	-0.893700000000000	0.0286000000000000)
(-13	-0.897300000000000	0.0260000000000000)
(-12	-0.893800000000000	0.0237000000000000)
(-11	-0.877900000000000	0.0215000000000000)
(-10	-0.850000000000000	0.0195000000000000)
(-9	-0.802600000000000	0.0178000000000000)
(-8	-0.743400000000000	0.0163000000000000)
(-7	-0.672800000000000	0.0149000000000000)
(-6	-0.589100000000000	0.0138000000000000)
(-5	-0.499800000000000	0.0129000000000000)
(-4	-0.404400000000000	0.0122000000000000)
(-3	-0.302400000000000	0.0117000000000000)
(-2	-0.220000000000000	0.0113000000000000)
(-1	-0.110000000000000	0.0111000000000000)
(0	0	0.0111000000000000)
(1	0.110000000000000	0.0111000000000000)
(2	0.220000000000000	0.0113000000000000)
(3	0.302400000000000	0.0117000000000000)
(4	0.404400000000000	0.0122000000000000)
(5	0.499800000000000	0.0129000000000000)
(6	0.589100000000000	0.0138000000000000)
(7	0.672800000000000	0.0149000000000000)
(8	0.743400000000000	0.0163000000000000)
(9	0.802600000000000	0.0178000000000000)
(10	0.850000000000000	0.0195000000000000)
(11	0.877900000000000	0.0215000000000000)
(12	0.893800000000000	0.0237000000000000)
(13	0.897300000000000	0.0260000000000000)
(14	0.893700000000000	0.0286000000000000)
(15	0.884000000000000	0.104000000000000)
(16	0.871700000000000	0.196000000000000)
(18	0.848900000000000	0.238000000000000)
(20	0.839700000000000	0.282000000000000)
(22	0.845300000000000	0.329000000000000)
(25	0.886600000000000	0.405000000000000)
(30	0.855000000000000	0.570000000000000)
(35	0.980000000000000	0.745000000000000)
(40	1.03500000000000	0.920000000000000)
(45	1.05000000000000	1.07500000000000)
(50	1.02000000000000	1.21500000000000)
(55	0.955000000000000	1.34500000000000)
(60	0.875000000000000	1.47000000000000)
(65	0.760000000000000	1.57500000000000)
(70	0.630000000000000	1.66500000000000)
(75	0.500000000000000	1.73500000000000)
(80	0.365000000000000	1.78000000000000)
(85	0.230000000000000	1.80000000000000)
(90	0.0900000000000000	1.80000000000000)
(95	-0.0500000000000000	1.78000000000000)
(100	-0.185000000000000	1.75000000000000)
(105	-0.320000000000000	1.70000000000000)
(110	-0.450000000000000	1.63500000000000)
(115	-0.575000000000000	1.55500000000000)
(120	-0.670000000000000	1.46500000000000)
(125	-0.760000000000000	1.35000000000000)
(130	-0.850000000000000	1.22500000000000)
(135	-0.930000000000000	1.08500000000000)
(140	-0.980000000000000	0.925000000000000)
(145	-0.900000000000000	0.755000000000000)
(150	-0.770000000000000	0.575000000000000)
(155	-0.670000000000000	0.420000000000000)
(160	-0.635000000000000	0.320000000000000)
(165	-0.680000000000000	0.230000000000000)
(170	-0.850000000000000	0.140000000000000)
(175	-0.660000000000000	0.0550000000000000)
(180	0	0.0250000000000000)
