// From Sheldahl and Klimas (1981)
// Re = 5e6
// (alpha_deg cl cd)
(-180.0 -0.0 0.025)
(-175.0 0.69 0.055)
(-170.0 0.85 0.14)
(-165.0 0.675 0.23)
(-160.0 0.66 0.32)
(-155.0 0.74 0.42)
(-150.0 0.85 0.575)
(-145.0 0.91 0.755)
(-140.0 0.945 0.925)
(-135.0 0.945 1.085)
(-130.0 0.91 1.225)
(-125.0 0.84 1.35)
(-120.0 0.735 1.465)
(-115.0 0.625 1.555)
(-110.0 0.51 1.635)
(-105.0 0.37 1.7)
(-100.0 0.22 1.75)
(-95.0 0.07 1.78)
(-90.0 -0.07 1.8)
(-85.0 -0.22 1.8)
(-80.0 -0.37 1.78)
(-75.0 -0.515 1.735)
(-70.0 -0.65 1.665)
(-65.0 -0.765 1.575)
(-60.0 -0.875 1.47)
(-55.0 -0.965 1.345)
(-50.0 -1.04 1.215)
(-45.0 -1.085 1.075)
(-40.0 -1.075 0.92)
(-35.0 -1.02 0.745)
(-30.0 -0.915 0.57)
(-27.0 -1.068 0.473)
(-26.0 -1.0193 0.446)
(-25.0 -0.9718 0.42)
(-24.0 -0.9295 0.394)
(-23.0 -0.8903 0.369)
(-22.0 -0.8563 0.344)
(-21.0 -0.8327 0.32)
(-20.0 -0.8233 0.297)
(-19.0 -0.8412 0.274)
(-18.0 -0.9054 0.148)
(-17.0 -1.0365 0.0229)
(-16.0 -1.2195 0.0198)
(-15.0 -1.3093 0.0177)
(-14.0 -1.3423 0.0159)
(-13.0 -1.3242 0.0143)
(-12.0 -1.2673 0.013)
(-11.0 -1.1842 0.0118)
(-10.0 -1.1 0.0106)
(-9.0 -0.99 0.0098)
(-8.0 -0.88 0.0092)
(-7.0 -0.77 0.0086)
(-6.0 -0.66 0.0081)
(-5.0 -0.55 0.0076)
(-4.0 -0.44 0.0072)
(-3.0 -0.33 0.0068)
(-2.0 -0.22 0.0066)
(-1.0 -0.11 0.0064)
(0.0 0.0 0.0064)
(1.0 0.11 0.0064)
(2.0 0.22 0.0066)
(3.0 0.33 0.0068)
(4.0 0.44 0.0072)
(5.0 0.55 0.0076)
(6.0 0.66 0.0081)
(7.0 0.77 0.0086)
(8.0 0.88 0.0092)
(9.0 0.99 0.0098)
(10.0 1.1 0.0106)
(11.0 1.1842 0.0118)
(12.0 1.2673 0.013)
(13.0 1.3242 0.0143)
(14.0 1.3423 0.0159)
(15.0 1.3093 0.0177)
(16.0 1.2195 0.0198)
(17.0 1.0365 0.0229)
(18.0 0.9054 0.148)
(19.0 0.8412 0.274)
(20.0 0.8233 0.297)
(21.0 0.8327 0.32)
(22.0 0.8563 0.344)
(23.0 0.8903 0.369)
(24.0 0.9295 0.394)
(25.0 0.9718 0.42)
(26.0 1.0193 0.446)
(27.0 1.068 0.473)
(30.0 0.915 0.57)
(35.0 1.02 0.745)
(40.0 1.075 0.92)
(45.0 1.085 1.075)
(50.0 1.04 1.215)
(55.0 0.965 1.345)
(60.0 0.875 1.47)
(65.0 0.765 1.575)
(70.0 0.65 1.665)
(75.0 0.515 1.735)
(80.0 0.37 1.78)
(85.0 0.22 1.8)
(90.0 0.07 1.8)
(95.0 -0.07 1.78)
(100.0 -0.22 1.75)
(105.0 -0.37 1.7)
(110.0 -0.51 1.635)
(115.0 -0.625 1.555)
(120.0 -0.735 1.465)
(125.0 -0.84 1.35)
(130.0 -0.91 1.225)
(135.0 -0.945 1.085)
(140.0 -0.945 0.925)
(145.0 -0.91 0.755)
(150.0 -0.85 0.575)
(155.0 -0.74 0.42)
(160.0 -0.66 0.32)
(165.0 -0.675 0.23)
(170.0 -0.85 0.14)
(175.0 -0.69 0.055)
(180.0 0.0 0.025)
