// From Sheldahl and Klimas (1981)
// Re = 2e6
// (alpha_deg cl cd)
(-180.0 -0.0 0.025)
(-175.0 0.69 0.055)
(-170.0 0.85 0.14)
(-165.0 0.675 0.23)
(-160.0 0.66 0.32)
(-155.0 0.74 0.42)
(-150.0 0.85 0.575)
(-145.0 0.91 0.755)
(-140.0 0.945 0.925)
(-135.0 0.945 1.085)
(-130.0 0.91 1.225)
(-125.0 0.84 1.35)
(-120.0 0.735 1.465)
(-115.0 0.625 1.555)
(-110.0 0.51 1.635)
(-105.0 0.37 1.7)
(-100.0 0.22 1.75)
(-95.0 0.07 1.78)
(-90.0 -0.07 1.8)
(-85.0 -0.22 1.8)
(-80.0 -0.37 1.78)
(-75.0 -0.515 1.735)
(-70.0 -0.65 1.665)
(-65.0 -0.765 1.575)
(-60.0 -0.875 1.47)
(-55.0 -0.965 1.345)
(-50.0 -1.04 1.215)
(-45.0 -1.085 1.075)
(-40.0 -1.075 0.92)
(-35.0 -1.02 0.745)
(-30.0 -1.002 0.57)
(-27.0 -0.9882 0.473)
(-26.0 -0.9842 0.446)
(-25.0 -0.9352 0.42)
(-24.0 -0.8882 0.394)
(-23.0 -0.8429 0.369)
(-22.0 -0.7981 0.344)
(-21.0 -0.7595 0.32)
(-20.0 -0.7269 0.297)
(-19.0 -0.7091 0.274)
(-18.0 -0.7163 0.252)
(-17.0 -0.7826 0.138)
(-16.0 -0.9221 0.0237)
(-15.0 -1.0478 0.0213)
(-14.0 -1.1614 0.0191)
(-13.0 -1.2169 0.0172)
(-12.0 -1.2072 0.0155)
(-11.0 -1.1539 0.014)
(-10.0 -1.0727 0.0128)
(-9.0 -0.99 0.0113)
(-8.0 -0.88 0.0105)
(-7.0 -0.77 0.0097)
(-6.0 -0.66 0.009)
(-5.0 -0.55 0.0081)
(-4.0 -0.44 0.0073)
(-3.0 -0.33 0.0069)
(-2.0 -0.22 0.0066)
(-1.0 -0.11 0.0064)
(0.0 0.0 0.0064)
(1.0 0.11 0.0064)
(2.0 0.22 0.0066)
(3.0 0.33 0.0069)
(4.0 0.44 0.0073)
(5.0 0.55 0.0081)
(6.0 0.66 0.009)
(7.0 0.77 0.0097)
(8.0 0.88 0.0105)
(9.0 0.99 0.0113)
(10.0 1.0727 0.0128)
(11.0 1.1539 0.014)
(12.0 1.2072 0.0155)
(13.0 1.2169 0.0172)
(14.0 1.1614 0.0191)
(15.0 1.0478 0.0213)
(16.0 0.9221 0.0237)
(17.0 0.7826 0.138)
(18.0 0.7163 0.252)
(19.0 0.7091 0.274)
(20.0 0.7269 0.297)
(21.0 0.7595 0.32)
(22.0 0.7981 0.344)
(23.0 0.8429 0.369)
(24.0 0.8882 0.394)
(25.0 0.9352 0.42)
(26.0 0.9842 0.446)
(27.0 0.9882 0.473)
(30.0 1.002 0.57)
(35.0 1.02 0.745)
(40.0 1.075 0.92)
(45.0 1.085 1.075)
(50.0 1.04 1.215)
(55.0 0.965 1.345)
(60.0 0.875 1.47)
(65.0 0.765 1.575)
(70.0 0.65 1.665)
(75.0 0.515 1.735)
(80.0 0.37 1.78)
(85.0 0.22 1.8)
(90.0 0.07 1.8)
(95.0 -0.07 1.78)
(100.0 -0.22 1.75)
(105.0 -0.37 1.7)
(110.0 -0.51 1.635)
(115.0 -0.625 1.555)
(120.0 -0.735 1.465)
(125.0 -0.84 1.35)
(130.0 -0.91 1.225)
(135.0 -0.945 1.085)
(140.0 -0.945 0.925)
(145.0 -0.91 0.755)
(150.0 -0.85 0.575)
(155.0 -0.74 0.42)
(160.0 -0.66 0.32)
(165.0 -0.675 0.23)
(170.0 -0.85 0.14)
(175.0 -0.69 0.055)
(180.0 0.0 0.025)
