// From Chivaee (2014)
// Re = 1e5
// (alpha_deg cl cd)
(-9.93 -0.23785 0.14162)
(-7.97 -0.44053000000000003 0.13447)
(-5.98 -0.32471 0.05193)
(-4.02 0.04841 0.03263)
(-2.02 0.25935 0.03524)
(-1.01 0.33485 0.03363)
(-0.01 0.53315 0.028560000000000002)
(0.98 0.61083 0.029689999999999998)
(1.99 0.71753 0.02949)
(3.02 0.84191 0.03015)
(4.0 0.94685 0.031239999999999997)
(5.0 1.0554700000000001 0.03115)
(6.01 1.17566 0.034210000000000004)
(6.99 1.2665 0.02797)
(7.99 1.32586 0.02104)
(8.99 1.33418 0.034710000000000005)
(9.95 1.27315 0.04678)
(10.95 1.2278 0.07574)
(11.95 1.1961899999999999 0.11062999999999999)
(12.95 1.172 0.13859000000000002)
(13.97 1.1500700000000001 0.1627)
(14.94 1.1259299999999999 0.19008)
(15.96 0.90846 0.29117)
(17.99 0.9542299999999999 0.34084000000000003)
(19.97 0.9894799999999999 0.37576)
(24.93 1.16523 0.45132)
